0.68 0.65 43.81 1.00
0.77 0.58 36.69 1.00
0.90 0.64 35.36 1.00
-0.01 0.25 93.40 3.00
0.49 -0.27 331.14 11.00
0.82 -0.27 341.72 11.00
0.61 -0.32 332.50 11.00
0.58 -0.61 313.44 10.00
-0.24 -0.43 240.69 8.00
-0.75 -0.03 182.66 6.00
-0.50 -0.66 232.72 7.00
-0.57 -0.56 224.24 7.00
-0.76 -0.47 211.65 7.00
-0.21 -0.69 253.45 8.00
-0.46 0.77 120.72 4.00
0.45 0.61 53.43 1.00
-0.64 0.48 143.06 4.00
0.56 0.54 43.95 1.00
0.54 0.75 54.12 1.00
0.81 0.73 41.75 1.00
1.00 0.74 36.41 1.00
0.52 -0.73 305.59 10.00
0.79 -0.50 327.72 10.00
0.51 0.52 45.69 1.00
0.96 0.55 29.79 0.00
0.57 0.57 44.87 1.00
0.59 0.49 39.69 1.00
-0.28 -0.41 235.83 7.00
-0.91 -0.68 216.87 7.00
-0.73 -0.50 214.54 7.00
-0.49 0.79 122.10 4.00
-0.68 0.75 132.20 4.00
-0.30 -0.29 224.02 7.00
-0.68 0.52 142.46 4.00
-0.73 0.79 133.03 4.00
-0.53 0.48 137.56 4.00
-0.67 0.47 145.05 4.00
-0.42 0.54 127.45 4.00
-0.44 0.29 146.16 4.00
0.02 0.53 87.30 2.00
1.00 0.01 0.43 0.00
0.75 0.52 34.90 1.00
1.00 1.00 45.00 1.00
0.26 -1.00 284.71 9.00
0.01 -0.50 271.15 9.00
0.00 -0.01 270.00 9.00
-0.01 -0.75 269.24 8.00
1.00 1.00 45.00 1.00
1.00 0.50 26.57 0.00
-0.00 -1.00 269.86 8.00
0.52 -1.00 297.47 9.00
0.75 0.26 19.40 0.00
1.00 -0.00 359.86 11.00
0.98 1.00 45.43 1.00
1.00 0.75 36.96 1.00
0.25 0.01 2.86 0.00
1.00 -0.50 333.43 11.00
1.00 0.29 16.04 0.00
1.00 0.83 39.69 1.00
0.99 1.00 45.22 1.00
-1.00 -1.00 225.00 7.00
0.00 -1.00 270.00 9.00
-1.00 -0.51 206.91 6.00
0.52 1.00 62.53 2.00
1.00 1.00 45.00 1.00
1.00 0.76 37.23 1.00
-0.01 0.00 165.96 5.00
-0.24 -0.01 181.83 6.00
-0.50 0.51 134.58 4.00
-0.75 0.51 145.56 4.00
-0.24 0.51 114.63 3.00
-1.00 1.00 135.00 4.00
0.00 0.76 90.00 3.00
-0.03 -1.00 268.14 8.00
-0.75 -0.75 224.90 7.00
0.01 -1.00 270.57 9.00
-1.00 0.77 142.58 4.00
-1.00 1.00 135.00 4.00
-1.00 -1.00 225.00 7.00
0.26 0.42 57.84 1.00
0.08 -0.08 315.00 10.00
0.55 -0.14 345.78 11.00
0.64 -0.55 319.34 10.00
-0.08 -0.33 256.69 8.00
0.48 -0.14 343.74 11.00
0.45 -0.76 300.57 10.00
0.11 -0.50 282.74 9.00
0.53 -0.17 342.62 11.00
0.58 -0.44 322.78 10.00
-0.14 0.12 138.30 4.00
0.74 -0.47 327.40 10.00
0.34 -0.46 306.32 10.00
0.73 -0.51 325.10 10.00
0.57 -0.29 333.54 11.00
0.59 -0.52 318.61 10.00
0.54 -0.16 343.67 11.00
-0.11 -0.80 262.22 8.00
0.52 -0.72 306.19 10.00
0.79 -0.46 329.77 10.00
0.31 -0.47 303.97 10.00
-0.00 0.36 90.40 3.00
-0.01 -1.00 269.14 8.00
-0.34 -0.62 241.63 8.00
-0.42 -0.68 238.24 7.00
-0.39 -0.90 246.65 8.00
-0.08 -0.96 265.06 8.00
0.43 -0.43 315.17 10.00
0.15 -0.62 283.33 9.00
-0.13 -0.29 245.26 8.00
-0.28 -0.48 239.39 7.00
-0.14 -0.24 239.22 7.00
0.04 -0.13 288.43 9.00
-0.24 -0.29 230.92 7.00
-0.07 0.78 95.13 3.00
-0.45 0.01 178.74 5.00
0.00 0.12 88.85 2.00
-0.02 0.26 94.36 3.00
-0.12 0.17 124.65 4.00
-0.17 0.30 118.97 3.00
0.09 -0.17 299.56 9.00
0.42 0.01 1.02 0.00
-0.24 -0.42 240.92 8.00
0.99 0.77 38.13 1.00
0.27 -0.27 315.53 10.00
-0.24 0.01 177.56 5.00
0.00 -0.51 270.28 9.00
-0.52 -0.75 235.61 7.00
0.24 0.01 2.95 0.00
0.26 -0.26 315.27 10.00
-0.46 -0.25 208.63 6.00
0.56 0.52 42.88 1.00
0.01 0.01 45.00 1.00
-0.22 -0.03 187.77 6.00
0.49 0.49 45.15 1.00
0.49 0.51 46.29 1.00
-0.62 -0.51 219.46 7.00
0.50 0.24 25.30 0.00
-0.02 -0.54 267.34 8.00
0.52 0.30 30.27 1.00
0.79 0.76 43.89 1.00
-0.81 -0.73 222.31 7.00
-0.78 -0.56 215.26 7.00
-0.78 -0.74 223.31 7.00
-0.57 0.03 176.75 5.00
0.50 0.26 27.47 0.00
0.25 -0.23 317.70 10.00
0.28 0.28 44.75 1.00
-0.71 0.49 145.29 4.00
-0.79 -0.03 182.18 6.00
-0.47 -0.48 225.30 7.00
-0.75 -0.69 222.81 7.00
-1.00 0.29 163.92 5.00
-1.00 -0.76 217.14 7.00
-0.71 -0.70 224.90 7.00
-0.74 -0.53 215.52 7.00
-0.57 -0.56 224.49 7.00
-1.00 -1.00 225.00 7.00
-0.80 -0.79 224.46 7.00
-0.77 -0.51 213.52 7.00
-0.78 -0.52 213.65 7.00
0.49 -0.02 357.09 11.00
1.00 1.00 45.00 1.00
-0.01 -0.03 247.38 8.00
0.81 0.02 1.41 0.00
-0.49 -0.25 206.80 6.00
0.77 0.52 33.95 1.00
0.03 0.49 86.51 2.00
0.79 0.23 16.02 0.00
0.49 -0.01 358.52 11.00
-0.49 -0.25 206.91 6.00
1.00 0.25 14.04 0.00
0.52 -0.24 335.00 11.00
-0.01 -0.53 268.38 8.00
0.55 -0.25 335.87 11.00
0.49 0.26 28.06 0.00
0.24 0.01 2.39 0.00
0.47 -0.51 312.66 10.00
0.76 -0.26 341.34 11.00
0.76 -0.01 359.43 11.00
0.50 -0.75 303.60 10.00
-0.25 -0.53 244.85 8.00
0.50 0.74 56.00 1.00
-1.00 0.51 152.86 5.00
-0.25 0.01 177.71 5.00
0.24 -0.03 352.29 11.00
0.74 -0.50 325.95 10.00
0.50 -0.75 303.60 10.00
-0.28 -0.23 219.91 7.00
-0.24 -0.50 244.25 8.00
-0.52 0.77 123.60 4.00
0.48 0.26 28.69 0.00
-0.77 -0.22 196.04 6.00
0.04 1.00 87.57 2.00
0.26 0.49 62.40 2.00
-0.03 0.77 92.59 3.00
-0.02 1.00 91.29 3.00
-0.77 0.50 146.96 4.00
-1.00 -0.27 195.24 6.00
-1.00 -0.03 182.00 6.00
0.50 0.49 44.42 1.00
0.80 -0.22 344.74 11.00
0.46 0.41 41.52 1.00
0.67 0.25 20.21 0.00
0.64 0.45 35.07 1.00
0.50 0.59 49.82 1.00
0.76 -0.12 350.69 11.00
0.81 0.82 45.09 1.00
0.51 -0.58 311.59 10.00
0.72 0.03 2.59 0.00
0.59 0.11 10.98 0.00
-0.00 -0.62 269.77 8.00
0.54 -0.47 319.10 10.00
0.70 -0.26 339.38 11.00
0.33 -0.38 311.16 10.00
0.15 -0.30 295.99 9.00
0.01 0.61 88.60 2.00
0.43 -0.34 321.46 10.00
0.65 0.20 17.37 0.00
0.60 0.15 13.98 0.00
0.00 -0.49 270.29 9.00
0.32 -0.10 342.24 11.00
0.64 -0.45 324.74 10.00
-0.38 -0.36 223.66 7.00
-0.38 -0.25 213.42 7.00
0.52 0.35 34.19 1.00
0.02 -0.41 272.81 9.00
0.02 -0.38 272.99 9.00
0.35 -0.34 315.82 10.00
-0.18 0.11 148.35 4.00
0.50 -0.30 328.70 10.00
-0.34 -0.38 228.20 7.00
0.50 -0.12 345.90 11.00
0.42 -0.16 339.44 11.00
-0.42 -0.14 198.03 6.00
-0.26 0.18 145.68 4.00
0.18 0.30 59.60 1.00
-0.04 0.19 102.94 3.00
-0.14 0.15 133.99 4.00
0.39 0.38 43.88 1.00
-0.04 -0.09 247.38 8.00
0.77 -0.25 342.29 11.00
0.54 0.24 24.06 0.00
0.52 -0.22 337.26 11.00
0.52 0.01 0.83 0.00
0.51 0.50 44.15 1.00
0.49 0.26 27.83 0.00
0.52 0.51 44.72 1.00
0.50 0.25 26.34 0.00
0.50 -0.25 333.32 11.00
0.52 0.51 44.31 1.00
0.51 0.52 45.83 1.00
0.50 -0.24 334.48 11.00
0.75 -0.51 325.78 10.00
0.52 0.01 0.82 0.00
0.75 -0.50 326.35 10.00
-0.49 0.01 178.84 5.00
0.53 -0.74 305.70 10.00
0.51 -0.48 316.30 10.00
0.50 0.26 27.59 0.00
0.77 0.26 19.11 0.00
-0.47 0.25 152.23 5.00
-0.49 -0.74 236.71 7.00
-0.50 -0.49 224.56 7.00
-0.76 0.51 146.18 4.00
-0.50 -0.49 224.42 7.00
-0.75 -0.24 197.74 6.00
0.27 -0.49 299.08 9.00
-0.74 -0.75 225.48 7.00
0.52 -0.52 315.41 10.00
-0.48 0.27 150.51 5.00
0.49 0.51 46.01 1.00
-0.01 0.52 91.10 3.00
-0.01 0.52 90.83 3.00
-0.25 0.53 114.93 3.00
0.00 0.76 89.81 2.00
0.77 1.00 52.22 1.00
0.01 0.51 88.60 2.00
0.01 0.52 89.18 2.00
0.50 0.50 45.00 1.00
0.50 0.51 45.28 1.00
0.65 0.45 34.40 1.00
0.01 0.38 88.48 2.00
0.79 0.49 31.89 1.00
0.46 0.81 60.60 2.00
-0.15 0.68 102.24 3.00
0.60 0.56 43.28 1.00
0.01 0.01 45.00 1.00
0.96 0.35 20.13 0.00
0.94 0.56 30.65 1.00
-0.01 -0.35 268.77 8.00
0.85 0.00 0.00 0.00
0.87 0.39 23.93 0.00
0.73 0.02 1.78 0.00
0.47 -0.01 359.09 11.00
0.83 0.01 0.69 0.00
-0.20 0.01 175.66 5.00
0.42 -0.06 352.16 11.00
0.55 -0.24 336.30 11.00
0.01 0.32 88.21 2.00
0.44 -0.20 335.58 11.00
-0.08 0.35 102.79 3.00
-0.19 0.20 134.27 4.00
-0.35 -0.33 223.11 7.00
-0.21 -0.11 207.37 6.00
-0.32 -0.28 220.67 7.00
-0.00 -0.00 225.00 7.00
-0.14 -0.10 217.21 7.00
0.01 -0.01 315.00 10.00
-0.56 -0.50 222.16 7.00
-0.90 -0.47 207.45 6.00
-0.89 0.40 155.74 5.00
0.33 0.81 67.62 2.00
-0.14 0.36 111.25 3.00
0.01 0.46 88.43 2.00
-0.34 0.42 129.57 4.00
-0.95 0.74 142.20 4.00
0.01 -0.42 272.03 9.00
-0.07 -0.08 227.91 7.00
0.01 -0.39 271.86 9.00
-0.47 0.01 179.08 5.00
0.01 -0.24 272.98 9.00
0.52 0.28 28.73 0.00
0.52 0.53 45.81 1.00
0.25 0.24 44.42 1.00
-0.00 -0.01 255.96 8.00
0.51 0.30 30.26 1.00
0.02 0.00 7.13 0.00
0.29 0.00 0.00 0.00
0.24 -0.24 315.30 10.00
-0.27 -0.26 224.45 7.00
0.53 0.52 44.73 1.00
0.52 0.50 43.73 1.00
0.79 0.51 32.93 1.00
0.50 0.28 29.47 0.00
0.30 0.25 39.85 1.00
-0.24 -0.25 226.47 7.00
0.26 0.26 45.28 1.00
-0.02 -0.01 196.70 6.00
-0.26 -0.24 223.28 7.00
0.03 -0.01 345.96 11.00
-0.24 -0.25 225.88 7.00
-0.25 -0.25 224.71 7.00
0.00 -0.01 270.00 9.00
-0.24 0.00 179.41 5.00
0.01 -0.24 272.39 9.00
-0.23 -0.23 225.00 7.00
0.01 0.01 51.34 1.00
-0.51 0.52 134.44 4.00
-0.25 -0.21 220.08 7.00
-0.24 0.26 132.17 4.00
0.26 0.26 45.00 1.00
-0.47 0.24 152.95 5.00
-0.48 -0.24 206.09 6.00
0.01 0.27 86.88 2.00
-0.50 0.26 152.63 5.00
-0.48 0.51 133.12 4.00
-0.50 0.27 151.53 5.00
-0.52 0.27 152.34 5.00
-0.46 0.27 148.99 4.00
0.01 0.00 14.04 0.00
0.73 0.29 21.56 0.00
-0.36 0.19 152.34 5.00
0.22 -0.14 327.40 10.00
0.50 0.23 24.36 0.00
0.56 0.31 28.77 0.00
0.52 0.25 25.46 0.00
0.99 0.65 33.08 1.00
0.17 -0.24 305.59 10.00
0.64 0.30 25.30 0.00
0.24 0.25 46.77 1.00
1.00 0.53 28.21 0.00
0.09 -0.16 300.43 10.00
0.43 -0.34 321.67 10.00
0.95 -0.02 358.65 11.00
0.08 -0.53 278.32 9.00
-0.29 -0.54 242.08 8.00
-0.01 -0.26 267.25 8.00
0.58 -0.39 325.97 10.00
0.71 0.05 3.85 0.00
0.15 -0.44 288.43 9.00
-0.51 0.05 173.81 5.00
-0.19 -0.51 249.57 8.00
-0.53 -0.19 199.64 6.00
0.46 -0.74 301.50 10.00
-0.77 -0.25 197.82 6.00
-0.01 -0.83 269.14 8.00
-0.01 -0.51 268.31 8.00
-0.17 -0.28 238.59 7.00
-0.27 -0.51 242.43 8.00
-0.59 0.01 179.03 5.00
-0.21 0.12 150.04 5.00
0.24 0.62 68.76 2.00
-0.01 0.18 94.70 3.00
-0.27 0.24 138.93 4.00
-0.91 0.24 165.00 5.00
-0.71 0.29 157.37 5.00
-0.52 0.31 148.79 4.00
-0.77 0.11 171.53 5.00
-0.71 0.30 156.85 5.00
0.20 0.29 55.85 1.00
0.32 -0.24 322.63 10.00
0.17 -0.29 300.44 10.00
0.60 0.05 4.98 0.00
0.66 0.38 30.00 1.00
0.60 0.35 30.15 1.00
0.08 0.09 49.90 1.00
0.34 -0.07 348.45 11.00
0.31 0.28 42.14 1.00
0.51 0.35 34.84 1.00
0.38 -0.93 292.41 9.00
0.58 -0.56 315.75 10.00
0.01 -1.00 270.57 9.00
0.85 -0.79 317.08 10.00
0.74 0.01 0.77 0.00
0.48 -0.98 295.98 9.00
-0.16 -0.94 260.22 8.00
0.83 -0.45 331.40 11.00
0.74 -0.51 325.34 10.00
0.14 -0.60 282.68 9.00
0.25 -0.99 284.21 9.00
-0.43 -0.65 236.26 7.00
0.29 -0.96 286.71 9.00
-0.32 -0.57 240.58 8.00
-0.53 -0.98 241.72 8.00
0.00 -0.82 270.17 9.00
0.12 -1.00 277.00 9.00
-0.68 0.55 141.03 4.00
-0.19 -0.97 259.17 8.00
-0.67 -0.54 219.00 7.00
-0.10 -0.01 185.44 6.00
-0.79 -0.31 201.05 6.00
0.00 0.46 89.69 2.00
0.16 0.34 64.80 2.00
-0.03 -0.01 202.62 6.00
-0.94 0.77 140.57 4.00
-0.34 0.34 135.42 4.00
-0.88 0.78 138.53 4.00
-0.91 0.61 146.13 4.00
-1.00 0.92 137.23 4.00
-0.01 -0.53 268.64 8.00
0.52 0.52 45.14 1.00
0.27 0.53 63.01 2.00
0.58 0.58 45.00 1.00
0.47 1.00 65.06 2.00
-0.25 0.80 107.14 3.00
0.41 0.52 51.58 1.00
0.44 0.50 48.63 1.00
0.02 0.27 84.81 2.00
0.74 0.94 51.73 1.00
-0.24 0.49 115.62 3.00
0.70 0.02 1.85 0.00
0.47 0.48 45.61 1.00
0.75 0.48 32.57 1.00
0.79 0.05 3.45 0.00
0.52 0.24 24.55 0.00
0.01 -0.49 271.18 9.00
-0.03 -0.53 266.24 8.00
0.59 0.03 3.17 0.00
0.51 0.47 42.80 1.00
0.59 0.48 39.10 1.00
-0.72 -0.03 182.39 6.00
-0.42 -0.46 227.62 7.00
-0.81 -0.46 209.57 6.00
-0.55 -0.03 183.62 6.00
-0.56 0.02 177.42 5.00
0.27 0.03 7.39 0.00
0.01 0.00 11.31 0.00
0.01 -0.49 271.16 9.00
-0.83 0.05 176.39 5.00
-0.41 0.54 126.95 4.00
-0.45 0.59 127.52 4.00
-0.78 0.49 148.16 4.00
-0.78 0.74 136.23 4.00
-0.03 0.81 92.30 3.00
-0.95 0.98 134.10 4.00
-0.55 0.53 135.53 4.00
-1.00 0.74 143.50 4.00
-0.54 0.47 139.14 4.00
-0.45 0.54 129.99 4.00
0.45 0.93 64.05 2.00
0.29 0.77 69.59 2.00
-0.24 0.63 111.13 3.00
1.00 0.51 27.25 0.00
0.52 0.50 44.02 1.00
0.00 0.74 89.81 2.00
-0.14 0.49 105.33 3.00
-0.50 0.76 123.56 4.00
0.75 0.51 34.17 1.00
0.51 0.50 44.01 1.00
-0.25 1.00 103.90 3.00
0.51 0.26 27.46 0.00
0.02 -0.48 272.39 9.00
1.00 0.51 27.25 0.00
0.74 0.01 0.77 0.00
-0.01 -0.86 269.00 8.00
0.00 -1.00 270.00 9.00
0.25 0.01 1.74 0.00
0.74 0.25 18.61 0.00
0.88 0.24 15.45 0.00
0.65 0.26 22.18 0.00
-0.75 0.25 161.57 5.00
-0.25 -0.01 182.31 6.00
-1.00 0.25 166.10 5.00
-0.51 -0.24 205.31 6.00
-0.26 0.26 134.72 4.00
0.01 -0.25 272.29 9.00
0.12 0.27 66.48 2.00
0.52 0.75 55.35 1.00
-0.24 0.51 115.20 3.00
-0.49 0.51 133.43 4.00
-0.76 1.00 127.14 4.00
-0.24 1.00 103.36 3.00
-0.11 0.50 102.62 3.00
-0.52 1.00 117.53 3.00
-1.00 1.00 135.00 4.00
-0.61 0.75 129.26 4.00
-1.00 0.99 135.22 4.00
-1.00 1.00 135.00 4.00
-0.76 1.00 127.14 4.00
-0.23 1.00 102.95 3.00
0.81 0.70 40.81 1.00
0.26 0.73 70.10 2.00
0.62 0.42 33.90 1.00
0.59 0.43 35.86 1.00
-0.25 0.51 116.12 3.00
0.55 0.46 39.88 1.00
0.46 0.13 15.99 0.00
0.50 0.30 31.17 1.00
0.67 0.61 42.21 1.00
-0.78 0.76 135.84 4.00
0.76 -0.19 346.28 11.00
0.66 -0.60 317.62 10.00
0.45 -0.45 314.68 10.00
0.76 -0.16 348.07 11.00
0.52 -0.41 321.92 10.00
-0.26 -0.66 248.57 8.00
0.26 -0.42 302.25 10.00
0.77 -0.46 329.09 10.00
0.64 0.23 19.84 0.00
0.58 0.41 34.98 1.00
-0.99 0.27 164.65 5.00
-0.23 -0.46 244.18 8.00
-0.65 0.24 159.86 5.00
-0.66 0.30 155.74 5.00
-0.28 -0.48 239.39 7.00
-0.43 -0.67 237.31 7.00
0.20 -0.48 292.98 9.00
-0.62 -0.51 219.55 7.00
-0.52 0.24 155.22 5.00
-0.97 0.24 166.45 5.00
-0.44 0.37 139.43 4.00
-0.75 0.49 147.06 4.00
-0.45 0.21 155.48 5.00
-0.62 0.27 156.64 5.00
-0.58 0.29 153.24 5.00
-0.75 0.30 157.97 5.00
-0.38 0.24 147.89 4.00
-0.69 0.19 164.30 5.00
0.41 0.51 51.31 1.00
0.42 0.47 47.91 1.00
0.98 0.22 12.44 0.00
0.01 -0.24 272.44 9.00
0.76 0.00 0.00 0.00
0.76 -0.26 341.11 11.00
1.00 0.54 28.26 0.00
1.00 0.03 1.86 0.00
0.01 -0.48 271.18 9.00
1.00 0.01 0.57 0.00
1.00 0.01 0.86 0.00
-0.00 0.01 104.04 3.00
1.00 0.00 0.14 0.00
0.52 -0.50 315.98 10.00
0.51 -0.24 335.01 11.00
0.79 -0.26 341.57 11.00
0.78 -0.24 342.73 11.00
-0.21 -0.51 247.96 8.00
0.77 -0.51 326.65 10.00
0.51 -0.24 335.03 11.00
0.51 -0.50 315.71 10.00
0.74 0.01 1.16 0.00
-0.48 -0.46 224.24 7.00
-0.22 -0.74 253.44 8.00
-0.49 -0.22 204.29 6.00
-0.77 0.26 161.18 5.00
-0.51 0.01 178.88 5.00
-0.01 -0.49 268.83 8.00
0.25 -0.22 319.30 10.00
-0.25 -0.01 181.74 6.00
-0.24 0.27 131.34 4.00
-0.74 0.50 146.09 4.00
-0.50 -0.25 206.22 6.00
-0.26 0.26 134.45 4.00
-0.50 -0.25 206.45 6.00
-0.50 0.53 133.05 4.00
0.01 0.48 88.50 2.00
-0.26 0.00 180.00 6.00
-0.49 0.01 178.83 5.00
-0.73 0.51 145.19 4.00
-0.25 0.01 178.28 5.00
-0.25 0.53 115.03 3.00
-0.62 0.16 165.37 5.00
0.36 0.01 1.19 0.00
0.44 0.21 25.50 0.00
0.52 0.17 17.77 0.00
0.13 0.73 80.03 2.00
-0.00 -0.34 269.58 8.00
0.46 -0.53 310.67 10.00
-0.37 -0.53 234.90 7.00
-0.21 -0.19 222.83 7.00
0.03 0.62 86.79 2.00
0.57 -0.18 342.17 11.00
0.24 -0.28 311.41 10.00
-0.28 -0.71 248.61 8.00
-0.34 0.32 136.74 4.00
-0.58 0.13 167.19 5.00
-0.01 -1.00 269.57 8.00
-0.95 0.87 137.52 4.00
0.39 0.18 24.78 0.00
-0.54 -0.52 223.91 7.00
-0.30 0.22 143.60 4.00
-0.15 -0.75 259.06 8.00
0.45 -1.00 294.11 9.00
-0.28 -0.29 226.77 7.00
-0.62 0.09 171.32 5.00
-0.63 -0.39 211.49 7.00
-0.79 0.30 159.17 5.00
-0.60 0.12 168.51 5.00
-0.54 -0.41 217.00 7.00
-0.44 -0.55 231.31 7.00
0.27 -0.33 309.81 10.00
-0.28 0.20 144.80 4.00
0.00 0.78 89.82 2.00
-1.00 -0.27 195.11 6.00
-1.00 0.63 147.69 4.00
-1.00 -0.32 197.87 6.00
0.01 -0.29 272.45 9.00
0.27 0.12 24.64 0.00
-0.18 0.31 120.09 4.00
0.28 0.24 40.64 1.00
-0.31 -0.31 224.31 7.00
-0.24 0.24 134.70 4.00
0.56 0.51 41.93 1.00
0.36 0.20 28.11 0.00
0.34 0.14 22.53 0.00
0.51 0.79 56.94 1.00
0.48 0.24 26.57 0.00
0.52 0.40 37.57 1.00
0.26 -0.00 359.45 11.00
0.26 0.28 47.37 1.00
0.27 0.51 62.00 2.00
0.26 0.17 33.04 1.00
0.24 -0.33 306.03 10.00
-0.11 0.13 132.05 4.00
0.40 0.21 28.28 0.00
0.24 -0.24 315.60 10.00
0.23 -0.34 303.69 10.00
-0.22 -0.62 250.61 8.00
0.30 -0.29 316.20 10.00
0.57 0.26 24.41 0.00
0.51 -0.28 331.11 11.00
-0.25 -0.23 222.30 7.00
-0.45 -0.30 213.10 7.00
-0.34 -0.51 236.05 7.00
-0.12 -0.18 237.23 7.00
0.29 -0.25 319.72 10.00
-0.32 -0.56 240.34 8.00
-0.26 -0.43 238.69 7.00
0.16 -0.31 297.68 9.00
0.14 0.00 0.00 0.00
-0.49 0.20 157.55 5.00
-0.11 0.17 123.69 4.00
-0.24 0.22 138.14 4.00
-0.29 0.19 147.69 4.00
-0.00 0.34 90.42 3.00
-0.21 0.19 138.28 4.00
-0.41 0.28 145.51 4.00
-0.39 0.51 127.18 4.00
-0.35 0.31 138.70 4.00
0.52 0.51 44.03 1.00
0.01 0.26 87.78 2.00
0.33 0.44 52.61 1.00
0.47 0.27 30.24 1.00
0.34 0.43 51.67 1.00
0.41 0.74 60.95 2.00
0.28 0.68 67.44 2.00
0.38 0.26 34.56 1.00
0.58 0.49 39.78 1.00
0.00 0.12 90.00 3.00
0.39 0.26 33.60 1.00
0.27 0.57 64.55 2.00
0.31 0.40 52.22 1.00
0.14 -0.09 326.07 10.00
0.58 -0.23 338.67 11.00
0.41 -0.27 326.80 10.00
0.26 0.09 18.60 0.00
-0.16 -0.24 237.41 7.00
0.69 0.19 15.70 0.00
0.51 -0.48 316.88 10.00
0.51 0.46 41.89 1.00
0.31 0.18 29.79 0.00
-0.27 -0.17 211.81 7.00
0.17 -0.26 303.82 10.00
-0.32 -0.17 208.14 6.00
-0.44 0.30 145.79 4.00
-0.19 0.15 142.07 4.00
0.11 -0.48 282.91 9.00
0.24 0.06 14.32 0.00
0.24 -0.16 326.87 10.00
-0.02 -0.20 262.69 8.00
-0.51 0.13 165.96 5.00
-0.14 0.26 118.07 3.00
-0.09 0.43 102.39 3.00
-0.11 -0.21 242.63 8.00
-0.21 -0.44 243.96 8.00
0.03 0.51 86.67 2.00
0.06 0.50 83.12 2.00
-0.25 0.31 128.88 4.00
-0.12 -0.24 242.96 8.00
-0.24 -0.10 204.08 6.00
0.00 0.26 90.00 3.00
0.61 0.36 30.72 1.00
0.36 0.45 51.11 1.00
0.46 0.51 48.26 1.00
0.19 0.13 34.54 1.00
0.70 0.90 52.38 1.00
0.68 0.48 34.84 1.00
0.41 0.40 44.11 1.00
0.61 0.42 34.39 1.00
0.52 0.17 17.77 0.00
0.00 0.67 89.79 2.00
0.21 0.16 37.20 1.00
0.31 0.17 28.00 0.00
0.63 0.37 30.50 1.00
0.44 -0.50 311.49 10.00
0.17 -0.57 286.68 9.00
-0.44 -0.76 240.01 8.00
0.59 -0.36 328.47 10.00
0.69 0.34 25.98 0.00
0.66 0.51 37.72 1.00
0.28 0.25 41.79 1.00
-0.70 -0.43 211.47 7.00
0.01 -0.03 287.10 9.00
-0.31 -0.31 225.69 7.00
-0.44 -0.25 209.22 6.00
-0.70 -0.30 202.95 6.00
-0.01 -0.37 268.05 8.00
-0.01 -0.51 269.15 8.00
0.30 -0.73 292.51 9.00
-0.55 0.11 168.59 5.00
-0.54 -0.69 231.88 7.00
0.01 0.22 88.05 2.00
-0.01 0.68 90.85 3.00
-0.40 0.53 126.91 4.00
-0.21 0.38 118.48 3.00
-0.45 0.26 150.08 5.00
-0.32 0.24 143.63 4.00
-0.46 0.13 164.01 5.00
-0.84 0.65 142.65 4.00
0.01 0.01 51.34 1.00
-0.19 0.33 119.74 3.00
0.19 -0.05 343.86 11.00
0.44 0.01 1.29 0.00
0.54 -0.19 340.55 11.00
0.51 0.23 24.17 0.00
0.96 0.77 38.70 1.00
0.66 0.19 15.77 0.00
0.07 0.50 82.35 2.00
0.66 0.23 19.28 0.00
0.81 0.58 35.66 1.00
0.03 0.45 85.89 2.00
0.79 0.35 23.91 0.00
0.66 0.11 9.88 0.00
0.73 0.01 0.79 0.00
0.35 0.15 23.20 0.00
0.34 0.06 10.90 0.00
0.01 -0.50 270.86 9.00
0.01 -0.00 345.96 11.00
0.59 0.34 30.06 1.00
0.65 0.16 13.46 0.00
0.41 0.08 10.64 0.00
-0.01 -0.02 249.44 8.00
-0.24 0.09 159.04 5.00
-0.55 0.33 149.00 4.00
-0.50 0.00 179.71 5.00
-0.50 0.01 178.86 5.00
-0.17 -0.44 248.59 8.00
0.01 -0.27 271.58 9.00
0.00 -0.44 270.33 9.00
-0.64 0.12 169.60 5.00
-0.38 0.39 134.44 4.00
-0.14 0.32 112.87 3.00
0.32 0.18 29.02 0.00
-0.09 0.25 109.62 3.00
-0.06 0.52 97.13 3.00
-0.16 0.61 104.86 3.00
-0.18 0.62 105.92 3.00
-0.50 0.07 171.99 5.00
-0.41 0.24 149.88 4.00
-0.08 0.28 106.28 3.00
-0.01 -0.54 268.42 8.00
0.35 -0.20 330.91 11.00
0.51 0.26 26.90 0.00
-0.04 -0.41 264.12 8.00
0.01 0.25 87.17 2.00
0.77 0.54 34.83 1.00
0.73 0.51 35.07 1.00
0.51 0.40 37.62 1.00
0.95 0.52 28.86 0.00
0.89 0.50 29.33 0.00
0.51 0.47 42.52 1.00
0.51 0.39 37.27 1.00
-0.09 -0.24 248.51 8.00
-0.18 0.29 121.96 4.00
0.77 0.52 34.11 1.00
0.48 0.25 27.28 0.00
0.25 0.52 64.76 2.00
0.13 -0.25 298.16 9.00
0.75 0.81 47.21 1.00
0.56 0.32 29.72 0.00
-0.67 0.26 158.53 5.00
-0.23 -0.52 246.24 8.00
-0.73 0.26 160.51 5.00
-0.08 0.26 106.60 3.00
-0.50 0.25 153.32 5.00
-0.26 0.51 116.90 3.00
-0.24 -0.25 227.06 7.00
-0.25 0.27 132.51 4.00
-0.49 0.24 153.90 5.00
-0.50 0.35 144.68 4.00
-0.39 0.39 134.82 4.00
0.01 0.00 14.04 0.00
0.32 0.50 57.71 1.00
0.51 0.51 45.14 1.00
-0.24 -0.52 245.78 8.00
-0.02 -0.52 267.81 8.00
0.47 0.55 49.61 1.00
-0.49 0.27 151.14 5.00
-0.49 0.25 153.09 5.00
0.27 0.44 58.37 1.00
-0.25 0.19 142.68 4.00
0.01 -0.75 270.95 9.00
0.52 0.51 44.58 1.00
0.51 0.26 26.68 0.00
0.51 0.24 24.99 0.00
0.52 0.52 44.73 1.00
-0.01 -0.50 269.14 8.00
0.26 -0.00 359.44 11.00
0.52 0.00 0.00 0.00
1.00 0.76 37.33 1.00
-0.25 0.26 133.33 4.00
0.76 0.26 19.16 0.00
-0.00 -1.00 269.86 8.00
0.50 -0.01 359.14 11.00
0.76 0.25 18.32 0.00
0.00 -1.00 270.00 9.00
0.26 -0.24 318.13 10.00
0.01 -0.24 272.39 9.00
0.77 0.27 19.32 0.00
1.00 0.28 15.91 0.00
0.52 0.01 0.83 0.00
-0.51 -0.01 181.41 6.00
-0.24 -0.24 224.70 7.00
-0.50 0.01 179.14 5.00
-0.76 0.51 146.01 4.00
-0.51 -0.02 182.79 6.00
0.00 -0.50 270.00 9.00
0.51 0.25 25.67 0.00
-0.24 -0.75 252.03 8.00
-0.75 0.26 160.71 5.00
-1.00 0.51 153.09 5.00
-0.75 -0.76 225.48 7.00
-0.75 0.50 146.27 4.00
-0.76 0.51 145.88 4.00
0.01 0.51 88.88 2.00
-0.75 0.52 145.35 4.00
-0.76 0.51 145.88 4.00
-1.00 0.26 165.29 5.00
-1.00 0.51 152.86 5.00
-1.00 0.50 153.32 5.00
-0.51 -0.76 236.27 7.00
0.68 0.39 29.93 0.00
1.00 1.00 45.00 1.00
0.52 -0.22 337.63 11.00
0.80 0.49 31.54 1.00
0.49 0.50 46.02 1.00
0.02 -0.01 341.57 11.00
0.98 0.70 35.50 1.00
0.56 -0.01 358.72 11.00
0.51 0.00 0.00 0.00
0.00 -0.50 270.29 9.00
0.50 0.00 0.00 0.00
0.50 -0.77 302.91 10.00
0.75 0.01 1.14 0.00
0.75 0.50 33.73 1.00
0.50 -0.76 303.34 10.00
0.04 -0.77 272.78 9.00
-0.54 -1.00 241.85 8.00
0.53 -0.01 358.65 11.00
0.79 0.00 0.18 0.00
-0.26 -1.00 255.43 8.00
-0.77 -1.00 232.31 7.00
-0.51 -1.00 243.09 8.00
-0.21 -0.76 254.68 8.00
0.38 -0.74 297.26 9.00
-0.01 -1.00 269.57 8.00
0.82 0.00 0.00 0.00
0.01 -0.99 270.87 9.00
0.01 -1.00 270.57 9.00
-0.32 -0.98 252.00 8.00
-0.28 -0.95 253.62 8.00
-0.03 -1.00 268.00 8.00
0.74 0.51 34.48 1.00
0.01 -1.00 270.57 9.00
0.43 0.34 38.13 1.00
0.04 -1.00 272.58 9.00
-0.02 -1.00 268.85 8.00
-0.17 -1.00 260.21 8.00
-0.01 -1.00 269.57 8.00
0.00 -1.00 270.00 9.00
-0.03 -1.00 268.28 8.00
0.51 0.27 27.88 0.00
0.26 0.27 46.34 1.00
0.99 0.53 28.16 0.00
0.26 0.51 62.88 2.00
0.51 0.24 24.99 0.00
0.24 0.25 45.88 1.00
-0.49 0.24 154.38 5.00
0.51 -0.00 359.72 11.00
0.52 0.00 0.28 0.00
0.00 0.01 75.96 2.00
0.51 0.01 1.69 0.00
0.51 -0.48 316.44 10.00
0.75 0.26 19.46 0.00
0.76 0.26 18.83 0.00
0.25 -0.75 288.43 9.00
-0.25 -0.24 223.23 7.00
-0.23 0.25 132.90 4.00
0.99 0.50 26.80 0.00
0.51 0.01 1.41 0.00
-0.24 0.27 131.93 4.00
-0.76 0.76 134.91 4.00
-0.49 0.26 151.72 5.00
-1.00 0.77 142.58 4.00
-0.50 0.26 152.19 5.00
-0.47 0.50 133.37 4.00
-0.24 0.50 115.52 3.00
0.27 0.01 1.59 0.00
-0.24 0.26 132.73 4.00
-0.26 0.26 134.72 4.00
-1.00 0.76 142.86 4.00
-0.52 0.74 124.75 4.00
-0.50 0.75 123.60 4.00
0.00 -0.49 270.29 9.00
-0.24 0.00 179.40 5.00
-0.24 0.26 132.69 4.00
-0.25 -0.01 182.29 6.00
-0.25 0.25 135.00 4.00
-0.74 0.52 145.00 4.00
-0.72 0.74 134.31 4.00
0.00 -0.51 270.00 9.00
0.77 0.77 45.19 1.00
-0.50 0.26 152.19 5.00
0.53 0.52 44.59 1.00
0.00 -0.75 270.00 9.00
0.01 -0.77 270.75 9.00
0.00 0.26 90.00 3.00
0.27 0.76 70.50 2.00
0.76 0.77 45.19 1.00
0.77 0.75 44.06 1.00
-1.00 0.28 164.36 5.00
1.00 1.00 45.00 1.00
0.76 0.77 45.37 1.00
0.74 0.26 19.30 0.00
0.77 0.51 33.43 1.00
0.50 0.02 2.28 0.00
0.26 -0.50 297.82 9.00
0.01 0.01 45.00 1.00
-0.49 0.26 152.05 5.00
0.51 0.27 27.67 0.00
0.52 0.52 45.14 1.00
0.26 0.00 0.00 0.00
0.76 0.51 34.21 1.00
-0.75 0.51 145.83 4.00
-0.49 -0.75 236.98 7.00
-0.01 0.01 123.69 4.00
-0.00 -0.98 269.85 8.00
0.01 -0.51 270.85 9.00
0.00 -0.99 270.14 9.00
-1.00 0.25 166.10 5.00
-0.24 -0.22 221.56 7.00
-1.00 0.53 152.02 5.00
-1.00 0.26 165.43 5.00
-0.77 0.26 160.89 5.00
-0.01 -0.49 268.53 8.00
-0.49 0.25 153.09 5.00
-0.50 0.52 133.60 4.00
-1.00 0.52 152.53 5.00
-1.00 0.51 152.86 5.00
-1.00 0.26 165.16 5.00
-1.00 -0.01 180.43 6.00
0.74 0.73 44.32 1.00
0.49 0.53 47.38 1.00
1.00 0.77 37.60 1.00
0.76 0.76 45.19 1.00
-0.25 -0.50 243.32 8.00
0.77 0.51 33.43 1.00
0.27 0.52 62.78 2.00
0.75 0.79 46.48 1.00
0.76 0.54 35.43 1.00
-0.48 -0.52 227.43 7.00
0.76 0.47 31.73 1.00
0.51 0.01 1.12 0.00
0.53 -0.52 315.82 10.00
1.00 0.76 37.33 1.00
0.50 0.01 1.14 0.00
0.30 -0.50 300.75 10.00
0.01 0.01 36.87 1.00
1.00 -0.50 333.32 11.00
0.75 0.51 34.48 1.00
0.77 0.49 32.60 1.00
0.26 -0.52 297.23 9.00
0.49 -0.00 359.71 11.00
-0.68 -0.53 217.93 7.00
1.00 -0.01 359.43 11.00
0.53 -0.26 333.86 11.00
0.01 -0.24 272.98 9.00
0.25 -0.24 315.87 10.00
0.24 0.01 2.36 0.00
0.27 -0.02 354.76 11.00
-0.01 -0.75 269.04 8.00
-0.76 -0.77 225.28 7.00
-0.76 -0.76 225.00 7.00
-1.00 -1.00 225.00 7.00
-1.00 0.00 179.86 5.00
-0.51 -1.00 243.09 8.00
-0.52 -0.77 235.97 7.00
-1.00 -1.00 225.00 7.00
-0.96 -0.98 225.66 7.00
-0.76 -0.76 224.81 7.00
-0.48 -1.00 244.13 8.00
0.26 0.01 2.22 0.00
0.50 0.51 45.43 1.00
1.00 0.76 37.23 1.00
0.51 0.50 44.44 1.00
-0.01 -1.00 269.57 8.00
0.50 0.01 1.15 0.00
-0.01 0.01 146.31 4.00
0.81 0.79 44.37 1.00
1.00 1.00 45.07 1.00
0.25 0.01 2.27 0.00
1.00 0.01 0.57 0.00
-0.21 0.01 177.21 5.00
0.50 0.53 46.79 1.00
0.77 0.51 33.56 1.00
0.01 -0.48 271.18 9.00
0.77 0.26 19.11 0.00
1.00 0.52 27.47 0.00
1.00 1.00 44.93 1.00
0.01 -0.75 271.15 9.00
0.49 0.01 1.16 0.00
1.00 0.79 38.13 1.00
0.57 0.01 1.00 0.00
0.75 0.26 19.12 0.00
0.98 0.74 37.29 1.00
-0.25 -1.00 255.96 8.00
0.01 -0.73 270.78 9.00
-0.01 -1.00 269.57 8.00
0.01 -0.75 270.77 9.00
0.54 0.01 1.05 0.00
0.52 0.51 44.44 1.00
0.02 0.26 85.60 2.00
0.01 0.01 36.87 1.00
0.01 -0.49 271.17 9.00
-0.54 -1.00 241.74 8.00
-1.00 -1.00 225.00 7.00
0.28 0.55 62.92 2.00
-0.50 0.01 179.14 5.00
-1.00 -0.02 181.29 6.00
-0.71 -1.00 234.37 7.00
0.01 -0.48 271.18 9.00
0.51 0.52 45.83 1.00
0.75 0.77 46.03 1.00
1.00 0.51 27.02 0.00
0.77 0.52 34.16 1.00
0.51 0.76 56.05 1.00
0.79 0.77 44.54 1.00
0.77 1.00 52.31 1.00
0.50 -0.73 304.63 10.00
0.01 0.00 0.00 0.00
0.75 0.53 35.47 1.00
0.50 -0.24 334.24 11.00
0.26 -0.74 289.76 9.00
-0.73 -1.00 233.90 7.00
0.76 -0.49 327.10 10.00
0.01 -1.00 270.57 9.00
0.48 -0.75 302.57 10.00
0.50 -0.48 316.18 10.00
0.77 -0.51 326.61 10.00
0.51 0.52 45.70 1.00
0.76 0.50 33.21 1.00
-0.75 -0.76 225.57 7.00
0.01 -1.00 270.43 9.00
-0.74 -0.49 213.42 7.00
-0.24 -0.50 244.25 8.00
-0.24 -0.49 244.26 8.00
-0.75 -1.00 233.04 7.00
0.27 0.25 43.08 1.00
-0.53 -0.79 236.31 7.00
-0.73 -0.76 225.86 7.00
-0.75 -0.75 224.90 7.00
0.48 0.51 46.89 1.00
-0.49 0.51 133.57 4.00
0.50 0.73 55.46 1.00
0.25 0.51 64.33 2.00
-0.98 0.26 165.00 5.00
-0.48 -0.51 226.74 7.00
-1.00 0.00 180.00 6.00
-0.76 0.74 135.76 4.00
-0.99 -0.48 206.10 6.00
0.52 0.51 44.17 1.00
0.26 0.01 3.24 0.00
0.51 0.51 45.00 1.00
1.00 0.52 27.47 0.00
0.54 0.77 54.92 1.00
0.26 0.76 71.00 2.00
0.76 0.27 19.62 0.00
0.51 0.52 45.83 1.00
0.51 0.00 0.00 0.00
0.51 0.26 27.23 0.00
0.50 1.00 63.32 2.00
0.76 0.50 33.56 1.00
0.26 -0.24 317.59 10.00
0.26 -0.52 297.00 9.00
0.77 0.01 0.94 0.00
-0.25 -0.76 251.91 8.00
-0.50 -1.00 243.43 8.00
0.02 -1.00 271.15 9.00
0.50 0.01 1.14 0.00
0.51 0.26 27.34 0.00
0.76 0.52 34.60 1.00
-0.52 -0.74 235.00 7.00
-0.49 -0.50 225.87 7.00
-0.74 -1.00 233.59 7.00
-0.22 0.50 113.75 3.00
-0.49 -0.26 207.60 6.00
-0.50 -1.00 243.43 8.00
0.52 0.26 26.89 0.00
-0.99 -0.72 216.22 7.00
-0.26 -1.00 255.56 8.00
-0.51 0.53 134.04 4.00
-1.00 0.76 142.77 4.00
-0.24 1.00 103.50 3.00
-0.75 0.51 146.00 4.00
-0.26 0.74 109.47 3.00
-0.77 0.76 135.37 4.00
0.01 0.51 89.16 2.00
0.00 0.00 0.00 0.00
-0.78 -0.80 225.81 7.00
0.26 0.77 71.18 2.00
0.25 0.52 64.21 2.00
0.01 0.01 45.00 1.00
0.54 0.28 27.52 0.00
0.29 0.23 38.66 1.00
0.51 0.49 43.85 1.00
0.30 0.49 58.47 1.00
0.30 0.24 37.91 1.00
-0.24 -0.24 224.70 7.00
0.26 0.25 43.89 1.00
0.52 0.28 28.73 0.00
0.02 -0.00 352.87 11.00
0.26 0.53 63.65 2.00
0.04 -0.50 274.29 9.00
-0.24 -0.01 181.79 6.00
0.01 0.00 0.00 0.00
0.00 -0.25 270.58 9.00
0.01 0.01 45.00 1.00
0.53 0.26 26.46 0.00
0.51 0.01 1.68 0.00
0.82 0.51 31.83 1.00
0.56 0.51 42.35 1.00
-0.49 -0.53 227.12 7.00
-0.24 -0.24 225.60 7.00
-0.50 -0.50 225.14 7.00
0.25 -0.01 357.11 11.00
-0.27 -0.25 222.80 7.00
0.00 -1.00 270.14 9.00
0.75 0.32 22.88 0.00
0.01 -0.01 333.43 11.00
0.56 0.02 2.57 0.00
-0.24 0.28 130.10 4.00
-0.29 -0.26 222.65 7.00
0.00 -0.27 270.54 9.00
-0.27 -0.49 240.80 8.00
-0.00 0.25 90.57 3.00
0.01 -0.01 303.69 10.00
-0.24 -0.51 244.57 8.00
-0.22 -0.26 230.36 7.00
0.01 0.01 45.00 1.00
-0.51 -0.22 203.44 6.00
0.01 -0.25 272.83 9.00
0.45 0.24 28.45 0.00
0.01 0.51 89.17 2.00
0.76 0.02 1.51 0.00
0.49 -0.51 314.00 10.00
0.30 0.01 1.41 0.00
-0.00 -0.01 251.57 8.00
0.26 0.01 3.27 0.00
0.26 -0.24 317.01 10.00
0.26 -0.28 313.42 10.00
-0.25 0.27 132.51 4.00
1.00 -0.55 331.41 11.00
0.53 -0.72 306.42 10.00
0.77 -0.24 342.74 11.00
0.77 -0.26 341.06 11.00
0.26 -1.00 284.71 9.00
0.27 -0.25 317.47 10.00
-0.01 -0.72 268.81 8.00
0.51 -0.59 310.88 10.00
0.74 0.26 19.76 0.00
0.48 -0.47 315.30 10.00
0.02 0.76 88.30 2.00
0.01 -0.26 272.20 9.00
-1.00 0.52 152.53 5.00
0.00 -0.73 270.00 9.00
0.28 -0.47 300.96 10.00
0.52 -0.76 304.38 10.00
0.00 -0.76 270.00 9.00
0.00 -0.76 270.19 9.00
0.02 -1.00 271.29 9.00
-0.47 0.75 121.85 4.00
0.00 0.00 0.00 0.00
-1.00 0.74 143.41 4.00
-0.21 1.00 101.59 3.00
-0.76 0.76 135.19 4.00
-0.24 0.53 114.38 3.00
-0.01 0.49 90.88 3.00
-1.00 1.00 135.00 4.00
-1.00 1.00 135.00 4.00
-1.00 1.00 135.00 4.00
-0.25 0.77 108.27 3.00
0.78 -0.04 356.89 11.00
-0.00 -0.50 269.71 8.00
0.76 0.52 34.42 1.00
0.49 0.03 4.09 0.00
0.54 0.24 23.62 0.00
0.20 -0.25 307.68 10.00
-0.01 -0.23 266.23 8.00
0.74 0.26 19.70 0.00
0.72 -0.21 343.82 11.00
-0.23 0.24 134.08 4.00
0.81 0.30 20.63 0.00
0.58 -0.28 334.13 11.00
0.52 -0.28 331.60 11.00
0.52 0.26 26.13 0.00
0.00 -0.81 270.18 9.00
-0.26 0.25 135.85 4.00
0.27 0.01 1.58 0.00
0.76 0.51 34.21 1.00
0.81 0.56 34.66 1.00
0.26 -0.22 319.49 10.00
-0.22 0.25 131.63 4.00
-0.21 0.26 128.73 4.00
-0.50 0.29 149.98 4.00
-1.00 0.58 149.99 4.00
-0.25 0.54 114.52 3.00
0.03 -0.48 274.19 9.00
0.25 0.56 65.94 2.00
0.26 0.00 0.00 0.00
-0.23 0.27 130.12 4.00
-1.00 0.57 150.43 5.00
-0.21 0.24 130.85 4.00
-0.28 0.54 117.73 3.00
-0.24 -1.00 256.78 8.00
-0.24 0.32 126.80 4.00
-0.28 0.56 116.36 3.00
-0.27 0.49 119.08 3.00
-0.55 0.28 152.71 5.00
-0.49 0.50 134.13 4.00
-0.25 0.54 114.96 3.00
0.54 -0.24 335.72 11.00
